1.828808589999999867e+02 8.402013118103277520e+02
1.849726560000000006e+02 5.476709962332024588e+02
1.870634770000000060e+02 6.340457543742377311e+02
1.891542970000000139e+02 6.822064532121949014e+02
1.912441410000000133e+02 6.035721320618395112e+02
1.933339839999999867e+02 6.361976151489216136e+02
1.954228520000000060e+02 6.556720116981814499e+02
1.975107419999999934e+02 3.649937002577353269e+02
1.995986330000000066e+02 3.819804814348535729e+02
2.016855470000000139e+02 3.498324148456522380e+02
2.037724609999999927e+02 2.349326453335961560e+02
2.058574220000000139e+02 2.386247679767548107e+02
2.079433589999999867e+02 2.026934389475572971e+02
2.100273439999999994e+02 1.618917403437444591e+02
2.121123049999999921e+02 -5.298454950773157179e+01
2.141953129999999987e+02 4.941139910716447048e+02
2.162783200000000079e+02 9.897000649196706945e+01
2.183603520000000060e+02 -7.033010596278472804e+00
2.204423830000000066e+02 1.955625138993855217e+02
2.225234379999999987e+02 2.323835108272978687e+02
2.246035160000000133e+02 3.052168172482633963e+02
2.266835939999999994e+02 3.467707948862007470e+02
2.287626950000000079e+02 1.080541781615320360e+02
2.308417970000000139e+02 -2.258495398443483282e+01
2.329199220000000139e+02 9.092008611379424110e+01
2.349970700000000079e+02 6.239438149351917673e+01
2.370742189999999994e+02 1.542058279039410991e+02
2.391503910000000133e+02 2.496363437421605340e+02
2.412255859999999927e+02 2.607410315170782269e+02
2.433007810000000006e+02 2.923012042467744322e+02
2.453759770000000060e+02 9.480487991186237196e+01
2.474492189999999994e+02 4.240989972713141469e+02
2.495224609999999927e+02 3.133038323572327499e+02
2.515957029999999861e+02 3.616757674631517148e+02
2.536679689999999994e+02 4.776348162572394358e+02
2.557392580000000066e+02 3.232254760616124258e+02
2.578095700000000079e+02 3.099876955096769962e+02
2.598808589999999867e+02 2.483984407192183426e+02
2.619501950000000079e+02 1.444655138252128381e+02
2.640195309999999722e+02 4.368643292048363946e+02
2.660878910000000133e+02 3.038638389835759881e+02
2.681562500000000000e+02 1.731816336768752080e+02
2.702226559999999722e+02 2.480348383908421965e+02
2.722900389999999788e+02 2.648200557772579486e+02
2.743564450000000079e+02 3.263671212391491281e+02
2.764218750000000000e+02 5.295640794314822415e+02
2.784863280000000145e+02 2.726579380952607607e+02
2.805507809999999722e+02 -2.073238464181995369e+02
2.826152339999999867e+02 1.763177205212778063e+02
2.846777339999999867e+02 3.517016980597545626e+02
2.867402339999999867e+02 3.805133084984991001e+02
2.888027339999999867e+02 3.912185217564256163e+02
2.908642580000000066e+02 1.824585650338194682e+02
2.929248049999999921e+02 1.363155278250196716e+02
2.949853519999999776e+02 1.485821741824256605e+02
2.970449219999999855e+02 2.921917073167205672e+02
2.991035160000000133e+02 5.672880524235733901e+02
3.011621089999999867e+02 3.410889456302247709e+02
3.032207030000000145e+02 6.485340088606462814e+02
3.052773440000000278e+02 7.060974965143104782e+02
3.073339839999999867e+02 5.707371750430829707e+02
3.093906250000000000e+02 5.938160423623558017e+02
3.114462889999999788e+02 6.136885073554803967e+02
3.135009769999999776e+02 8.445675075633625966e+02
3.155546879999999987e+02 8.204385513629749767e+02
3.176083980000000224e+02 5.691141147368180100e+02
3.196621089999999867e+02 2.767765950534158037e+02
3.217148440000000278e+02 4.563380829215748236e+02
3.237666019999999776e+02 5.768782314628479071e+02
3.258183589999999867e+02 6.322768449255163432e+02
3.278691410000000133e+02 3.517957299283225439e+02
3.299189450000000079e+02 8.024379979024306522e+02
3.319687500000000000e+02 7.489093877650229842e+02
3.340175780000000145e+02 6.289301550200907513e+02
3.360664059999999722e+02 4.412429166984948097e+02
3.381142580000000066e+02 8.256792893288802588e+02
3.401611330000000066e+02 9.057303816997809918e+02
3.422080080000000066e+02 9.609447966487568920e+02
3.442539059999999722e+02 8.788737189908715663e+02
3.462998049999999921e+02 7.315514082184527069e+02
3.483447269999999776e+02 7.084718034006582457e+02
3.503886719999999855e+02 9.749012694346311036e+02
3.524326169999999934e+02 8.630114193570479983e+02
3.544755860000000212e+02 1.136230321342816751e+03
3.565185549999999921e+02 1.530449685350897198e+03
3.585605469999999855e+02 1.724918990617763484e+03
3.606015629999999987e+02 2.064924643750367977e+03
3.626425780000000145e+02 2.013887356469087536e+03
3.646826169999999934e+02 2.143873389599830261e+03
3.667226559999999722e+02 1.898407124526180269e+03
3.687617190000000278e+02 1.537154441208978824e+03
3.707998049999999921e+02 1.117669241839132155e+03
3.728378910000000133e+02 1.150358696591312764e+03
3.748750000000000000e+02 1.128667500903291511e+03
3.769121089999999867e+02 6.485738797106751008e+02
3.789482419999999934e+02 5.288630778145525255e+02
3.809833980000000224e+02 7.010225720125963562e+02
3.830185549999999921e+02 5.717460986941587180e+02
3.850527339999999867e+02 6.496561328169846092e+02
3.870869139999999788e+02 6.385774488943134202e+02
3.891201169999999934e+02 5.667050219207885675e+02
3.911523440000000278e+02 5.422251128826464992e+02
3.931845700000000079e+02 2.808895993790938519e+02
3.952158200000000079e+02 3.105550498941447586e+02
3.972470700000000079e+02 3.962690896663989406e+02
3.992773440000000278e+02 3.015671391574214795e+02
4.013066410000000133e+02 2.098473740520566935e+02
4.033359379999999987e+02 3.219684878411644604e+02
4.053642580000000066e+02 2.090857502293365542e+02
4.073925780000000145e+02 4.665610001652603387e+02
4.094199219999999855e+02 3.928612538776069414e+02
4.114472660000000133e+02 2.208552444096203544e+02
4.134726559999999722e+02 2.713212847987888381e+02
4.154990230000000224e+02 2.086311288852957659e+02
4.175234379999999987e+02 1.759100806595015456e+02
4.195478519999999776e+02 1.113885820282375789e+02
4.215722660000000133e+02 2.485429686241914169e+02
4.235957030000000145e+02 1.944821901360264746e+02
4.256181639999999788e+02 3.446351882922681398e+02
4.276406250000000000e+02 1.636767225463408977e+02
4.296621089999999867e+02 3.205115198624625918e+02
4.316826169999999934e+02 1.373292580574197927e+02
4.337031250000000000e+02 4.577227623188809957e+01
4.357236330000000066e+02 2.848303912255432806e+02
4.377431639999999788e+02 2.689894257969062892e+02
4.397617190000000278e+02 2.110668639419600368e+02
4.417792969999999855e+02 1.828680830714729382e+02
4.437968750000000000e+02 2.314833051026071189e+02
4.458144530000000145e+02 3.259556359371781582e+02
4.478300780000000145e+02 2.443005174004429136e+02
4.498466799999999921e+02 3.374040349797360250e+02
4.518613280000000145e+02 2.281558021416858537e+02
4.538759769999999776e+02 2.316246899873076472e+02
4.558906250000000000e+02 -1.251793598005460808e+02
4.579042969999999855e+02 1.335852901864564046e+02
4.599169919999999934e+02 1.512421879774701665e+02
4.619287110000000212e+02 5.184124458225414855e+01
4.639414059999999722e+02 2.728188792715518503e+02
4.659521480000000224e+02 1.094395687383730547e+02
4.679628910000000133e+02 -3.192712227068841457e+01
4.699726559999999722e+02 1.037678977756077074e+02
4.719824219999999855e+02 6.377537113497965038e+01
4.739912110000000212e+02 3.247013847901471308e+02
4.760000000000000000e+02 2.903745664383313851e+02
4.780078129999999987e+02 1.236934091948060086e+02
4.800146480000000224e+02 4.051224196504772408e+02
4.820214839999999867e+02 2.589423212254987448e+02
4.840273440000000278e+02 2.644411001686457894e+02
4.860332030000000145e+02 3.731172902094112942e+02
4.880380860000000212e+02 4.091800148597903899e+02
4.900419919999999934e+02 3.139238052675791550e+02
4.920458980000000224e+02 4.853457597285960219e+02
4.940488280000000145e+02 2.932393770453491015e+02
4.960517580000000066e+02 -1.421186346369358944e+01
4.980537110000000212e+02 9.248368698480771855e+01
5.000546879999999987e+02 4.812423696502883104e+02
5.020556639999999788e+02 3.036952363150194287e+02
5.040566410000000133e+02 1.819180050219947589e+02
5.060566410000000133e+02 7.718906864088785369e+01
5.080556639999999788e+02 2.046615653561530053e+02
5.100537110000000212e+02 2.229533752875795471e+02
5.120517579999999498e+02 3.021703820287875715e+02
5.140498049999999921e+02 3.071486070386599749e+02
5.160468750000000000e+02 2.027588287375765503e+02
5.180429689999999709e+02 3.809729255378697417e+02
5.200380860000000212e+02 4.022195619895428536e+02
5.220341799999999921e+02 5.095088692804783932e+02
5.240283200000000079e+02 5.386668254912001430e+02
5.260224610000000212e+02 2.964913753898217692e+02
5.280156250000000000e+02 1.051234296108887065e+02
5.300087889999999788e+02 1.289808537010394502e+02
5.320009770000000344e+02 1.297508760340861045e+02
5.339931639999999788e+02 1.274916444107002462e+02
5.359843750000000000e+02 3.582884849803231191e+02
5.379746089999999867e+02 5.045116754041155218e+02
5.399648439999999709e+02 3.499411617393852794e+02
5.419550779999999577e+02 6.270944737270765472e+02
5.439433589999999867e+02 2.512972211905580480e+02
5.459316410000000133e+02 3.312100960208917968e+02
5.479199220000000423e+02 1.665051382930687396e+02
5.499072270000000344e+02 3.571937943879020168e+02
5.518935549999999921e+02 5.183966275790226064e+02
5.538798829999999498e+02 4.964641710687719751e+02
5.558652339999999867e+02 2.320314123042480787e+02
5.578505860000000212e+02 3.850060536826931639e+02
5.598349610000000212e+02 1.593111127573429258e+02
5.618193360000000212e+02 2.327557780729839578e+02
5.638027339999999867e+02 3.357505851388559677e+02
5.657851560000000291e+02 1.378659036060926155e+02
5.677675779999999577e+02 1.535505230750495684e+02
5.697490229999999656e+02 -1.546219398662069580e+02
5.717294920000000502e+02 2.986328363996799453e+02
5.737109380000000556e+02 2.917158314073312795e+02
5.756904299999999921e+02 9.327759660536685260e+01
5.776699220000000423e+02 4.426905504030582961e+01
5.796484380000000556e+02 1.339883917002589442e+01
5.816269529999999577e+02 1.599731394757909584e+02
5.836044920000000502e+02 -7.726435231947834836e+01
5.855820310000000291e+02 -7.128502845524053555e+01
5.875585939999999709e+02 3.517384352942463011e+01
5.895341799999999921e+02 -6.654447669795627007e+01
5.915097660000000133e+02 -1.833503871317952871e+01
5.934843750000000000e+02 -3.528278635905007832e+01
5.954589839999999867e+02 -2.643089121396697010e+02
5.974326170000000502e+02 1.268638486022246070e+02
5.994062500000000000e+02 4.050964822738096700e+02
6.013789060000000291e+02 7.047849576729058754e+02
6.033505860000000212e+02 8.992543664622717188e+02
6.053222660000000133e+02 1.258695993605768308e+03
6.072929689999999709e+02 1.452221745111142809e+03
6.092636720000000423e+02 2.204465204811764124e+03
6.112333979999999656e+02 2.574054023430573579e+03
6.132031250000000000e+02 2.597589295439254784e+03
6.151718750000000000e+02 2.972227161633891228e+03
6.171396479999999656e+02 2.772116156185518776e+03
6.191074220000000423e+02 2.646306952147184347e+03
6.210742189999999709e+02 2.938193971609340224e+03
6.230410160000000133e+02 2.988234351832725224e+03
6.250068360000000212e+02 3.115584236606555351e+03
6.269726560000000291e+02 3.446340886191930622e+03
6.289375000000000000e+02 3.754210489032040641e+03
6.309013670000000502e+02 4.311675678692838119e+03
6.328652339999999867e+02 5.036241152845614124e+03
6.348281250000000000e+02 5.765057922815714846e+03
6.367910160000000133e+02 6.104457439190846344e+03
6.387529299999999921e+02 5.739352941477649438e+03
6.407148439999999709e+02 5.182946002942386258e+03
6.426757810000000291e+02 4.469539501757200924e+03
6.446357420000000502e+02 3.999554109969867568e+03
6.465957029999999577e+02 3.664744042272883235e+03
6.485556639999999788e+02 3.259748563983019267e+03
6.505136720000000423e+02 3.369225229775438493e+03
6.524726560000000291e+02 3.129049710677296389e+03
6.544296880000000556e+02 2.496764810800428677e+03
6.563867189999999709e+02 1.822123823587120569e+03
6.583437500000000000e+02 1.142149947008932941e+03
6.602998049999999921e+02 4.274029380640640738e+02
6.622548829999999498e+02 6.916747474079602398e+01
6.642099610000000212e+02 -3.333484333669912303e+01
6.661640630000000556e+02 -1.042548337871994590e+01
6.681181639999999788e+02 1.149439877042823355e+02
6.700712889999999788e+02 2.353084535028683604e+02
6.720234380000000556e+02 5.260971666860277764e+02
6.739755860000000212e+02 5.480515304909349652e+02
6.759277339999999867e+02 9.505841116187293665e+02
6.778789060000000291e+02 1.284122329498371982e+03
6.798291020000000344e+02 1.329342262741083687e+03
6.817792970000000423e+02 1.379672102186836128e+03
6.837285160000000133e+02 1.903323347596458916e+03
6.856777339999999867e+02 2.338634457189844397e+03
6.876259770000000344e+02 2.638027164534243639e+03
6.895732420000000502e+02 2.652416019108670298e+03
6.915205079999999498e+02 3.469301747154138866e+03
6.934667970000000423e+02 3.588884441529269679e+03
6.954130860000000212e+02 3.429449228070247045e+03
6.973583979999999656e+02 3.599959768175052886e+03
6.993037110000000212e+02 3.381937442012778774e+03
7.012480470000000423e+02 3.201976699808852572e+03
7.031923829999999498e+02 3.223425087076298951e+03
7.051357420000000502e+02 3.168442046560739982e+03
7.070781250000000000e+02 2.726690348212687240e+03
7.090205079999999498e+02 2.605902536163790501e+03
7.109619139999999788e+02 2.132717487179208547e+03
7.129033200000000079e+02 1.936700129760545678e+03
7.148437500000000000e+02 1.516744406604913820e+03
7.167841799999999921e+02 1.216725969029233966e+03
7.187236329999999498e+02 6.588815849082748173e+02
7.206630860000000212e+02 4.954893287004306330e+02
7.226015630000000556e+02 2.365763124299119227e+02
7.245390630000000556e+02 1.826299044358675019e+02
7.264765630000000556e+02 1.026879518506539171e+02
7.284130860000000212e+02 3.478270661247297539e+02
7.303496089999999867e+02 5.163545494545542169e+01
7.322851560000000291e+02 2.392945890423143283e+02
7.342207029999999577e+02 1.900679068551835371e+02
7.361552729999999656e+02 -1.338205881884714472e+02
7.380898439999999709e+02 8.056773124374740291e+01
7.400234380000000556e+02 -1.273136707469820976e+02
7.419560549999999921e+02 -1.291520728542745928e+02
7.438886720000000423e+02 -7.492976927677227650e+01
7.458203130000000556e+02 -4.227529461146332324e+01
7.477519529999999577e+02 6.331489759682881413e+01
7.496826170000000502e+02 1.667863396767206723e+02
7.516132810000000291e+02 1.800571453159936937e+02
7.535429689999999709e+02 1.937717147015719092e+02
7.554726560000000291e+02 1.350393594038905576e+01
7.574013670000000502e+02 5.918677585899422411e+01
7.593291020000000344e+02 -1.229069876215507975e+02
7.612568360000000212e+02 1.449537055831751786e+01
7.631835939999999709e+02 6.034329478590370854e+01
7.651103520000000344e+02 1.950081291550231981e+02
7.670361329999999498e+02 2.589040532788640121e+02
7.689619139999999788e+02 2.082001375923573505e+01
7.708867189999999709e+02 4.483726847322977846e+02
7.728115229999999656e+02 3.765264011861509061e+02
7.747353520000000344e+02 -7.930939612786460202e+00
7.766582029999999577e+02 9.178414246493775863e+01
7.785810549999999921e+02 2.976520126333925873e+02
7.805039060000000291e+02 9.072712760881404392e+01
7.824248049999999921e+02 1.538603973946301267e+02
7.843466799999999921e+02 1.749221449762844713e+02
7.862666020000000344e+02 2.541574579346706741e+02
7.881875000000000000e+02 4.489518289596526301e+02
7.901064450000000079e+02 2.122841249207122019e+02
7.920253910000000133e+02 3.256794741547419108e+02
7.939443360000000212e+02 4.662017678008924122e+02
7.958623049999999921e+02 2.492738010470566223e+02
7.977792970000000423e+02 2.262982063986637513e+02
7.996962889999999788e+02 5.644428773778563482e+02
8.016132810000000291e+02 3.675668006892665289e+02
8.035292970000000423e+02 6.233367728175289812e+02
8.054443360000000212e+02 1.140010956537662423e+02
8.073593750000000000e+02 3.930845584175913245e+02
8.092734380000000556e+02 6.042953707271008170e+02
8.111865229999999656e+02 3.987083718820067588e+02
8.130996089999999867e+02 4.818233651685441146e+02
8.150126950000000079e+02 5.388075256812589942e+02
8.169248049999999921e+02 7.305227139619746595e+02
8.188359380000000556e+02 4.566542062220323714e+02
8.207470700000000079e+02 7.544995659409687505e+02
8.226582029999999577e+02 4.596369772824691609e+02
8.245683589999999867e+02 8.140771181108211749e+02
8.264775389999999788e+02 7.235371027985529508e+02
8.283867189999999709e+02 1.067971156010236882e+03
8.302949220000000423e+02 9.724457794584741350e+02
8.322031250000000000e+02 8.743814596962329233e+02
8.341103520000000344e+02 1.199896521852380829e+03
8.360166020000000344e+02 9.670768269217369379e+02
8.379228520000000344e+02 7.552917160440265434e+02
8.398291020000000344e+02 7.430224464514030842e+02
8.417343750000000000e+02 9.685070379676544690e+02
8.436386720000000423e+02 9.120371601851511514e+02
8.455429689999999709e+02 8.084578067864495097e+02
8.474462889999999788e+02 7.326126946020594914e+02
8.493496089999999867e+02 9.893756786215235479e+02
8.512519529999999577e+02 6.510843981766593060e+02
8.531542970000000423e+02 8.557938774733411265e+02
8.550556639999999788e+02 8.938082391993011697e+02
8.569570310000000291e+02 1.212242877930868417e+03
8.588574220000000423e+02 1.008680716912836942e+03
8.607578130000000556e+02 9.591951522500094143e+02
8.626572270000000344e+02 6.386667678941812483e+02
8.645556639999999788e+02 8.449084049239609158e+02
8.664541020000000344e+02 8.103765202844442683e+02
8.683515630000000556e+02 4.228701580489796470e+02
8.702490229999999656e+02 4.201598777637773310e+02
8.721464839999999867e+02 7.445468969568100874e+02
8.740419920000000502e+02 8.714373049322311999e+02
8.759384770000000344e+02 6.318103986285568681e+02
8.778330079999999498e+02 8.843121849720482714e+02
8.797285160000000133e+02 4.744940463544335216e+02
8.816220700000000079e+02 3.813670871303766035e+02
8.835156250000000000e+02 1.984495373629179085e+02
8.854091799999999921e+02 4.848956320113939000e+01
8.873017579999999498e+02 4.249287296477268683e+01
8.891943360000000212e+02 2.677815170881513041e+02
8.910859380000000556e+02 1.084782565156056080e+02
8.929765630000000556e+02 5.097367272973860963e+02
8.948671880000000556e+02 4.773119936141447397e+02
8.967568360000000212e+02 5.109544660151586868e+02
8.986464839999999867e+02 4.346795568129309686e+02
9.005361329999999498e+02 4.509159929837405798e+02
9.024238279999999577e+02 5.014629929525035550e+02
9.043125000000000000e+02 1.942558638617483666e+02
9.061992189999999709e+02 3.716237508058402454e+02
9.080859380000000556e+02 5.276884769209427759e+02
9.099726560000000291e+02 2.700166750699354452e+02
9.118583979999999656e+02 3.209164293518697377e+02
9.137441410000000133e+02 3.994336958424246404e+02
9.156289060000000291e+02 1.924499613343214151e+02
9.175126950000000079e+02 7.527582341310335323e+01
9.193964839999999867e+02 2.205340902343887137e+02
9.212802729999999656e+02 2.765349945676498464e+02
9.231630860000000212e+02 -6.761468956536555197e+01
9.250449220000000423e+02 1.190547347081592306e+02
9.269267579999999498e+02 1.113623025383567438e+02
9.288085939999999709e+02 1.205019023987551918e+02
9.306884770000000344e+02 7.733131685565604130e+01
9.325693360000000212e+02 -1.006707502272693091e+02
9.344482420000000502e+02 2.356071267497900408e+02
9.363281250000000000e+02 2.388979165976561490e+02
9.382060549999999921e+02 1.259069082771602552e+02
9.400849610000000212e+02 2.240968862920854008e+02
9.419619139999999788e+02 2.060046788765394012e+02
9.438388670000000502e+02 3.446472405290114693e+02
9.457158200000000079e+02 2.030764173414499965e+02
9.475917970000000423e+02 4.355349828996622819e+02
9.494677729999999656e+02 3.623552464825115749e+02
9.513427729999999656e+02 2.580173776198862470e+02
9.532167970000000423e+02 5.560713185443310067e+02
9.550908200000000079e+02 2.640471402640832821e+02
9.569648439999999709e+02 3.398335052875918336e+02
9.588378910000000133e+02 5.554202664573167567e+02
9.607099610000000212e+02 4.221327408488359652e+02
9.625820310000000291e+02 5.101001579493604368e+02
9.644531250000000000e+02 5.028144262602654635e+02
9.663242189999999709e+02 3.988683101427523070e+02
9.681943360000000212e+02 4.414984000178083079e+02
9.700644529999999577e+02 3.566751078907982446e+02
9.719345700000000079e+02 3.783916676693552290e+02
9.738027339999999867e+02 3.220743939159656293e+02
9.756718750000000000e+02 1.193990814447461162e+02
9.775390630000000556e+02 1.009238741657245555e+02
9.794062500000000000e+02 1.730466188301797956e+02
9.812734380000000556e+02 2.106344089601043379e+01
9.831396479999999656e+02 1.338327035558540956e+02
9.850058589999999867e+02 8.403310051353764720e+01
9.868710939999999709e+02 -1.217701818928544526e+02
9.887353520000000344e+02 8.425435028431820683e+00
9.906005860000000212e+02 1.140959335272273165e+02
9.924638670000000502e+02 1.482837040577724110e+02
9.943271479999999656e+02 -2.326591266000468750e+01
9.961904299999999921e+02 3.564382964966862346e+02
9.980527339999999867e+02 2.082593852608551970e+02
9.999140630000000556e+02 -4.826831648089864757e+00
1.001775391000000013e+03 -3.159873107383464230e+01
1.003635742000000050e+03 3.485061087486828910e+02
1.005496093999999971e+03 3.356420509249437600e+01
1.007356445000000008e+03 2.305109473221091321e+02
1.009215820000000008e+03 3.460981781211012276e+01
1.011074218999999971e+03 1.599599162218000856e+02
1.012932617000000050e+03 2.717618437567507499e+02
1.014790038999999979e+03 1.290870676786653348e+02
1.016647461000000021e+03 -8.109096521729225060e+01
1.018503906000000029e+03 1.476072611421550391e+02
1.020360352000000034e+03 1.891476574959524442e+02
1.022215820000000008e+03 6.092954793288663495e+01
1.024071288999999979e+03 2.571135173501534155e+01
1.025925780999999915e+03 2.494428128830622882e+02
1.027780273000000079e+03 2.306908293618616881e+02
1.029633788999999979e+03 4.684242899363307515e+02
1.031487305000000106e+03 7.685961304042357369e+02
1.033339844000000085e+03 1.125889110769297986e+03
1.035192383000000063e+03 1.589000535000654054e+03
1.037043944999999894e+03 2.149950350822677137e+03
1.038894530999999915e+03 2.966904721359001996e+03
1.040745116999999937e+03 3.364503349802784214e+03
1.042595702999999958e+03 3.146448195680597564e+03
1.044445312999999942e+03 2.335256848214310594e+03
1.046294922000000042e+03 1.663411191598344885e+03
1.048143555000000106e+03 1.014718020667554811e+03
1.049991211000000021e+03 6.841731614811506006e+02
1.051838866999999937e+03 6.273804094931037980e+02
1.053686523000000079e+03 2.990090323149706819e+02
1.055533202999999958e+03 3.975867592257418437e+02
1.057378905999999915e+03 2.123518608917729580e+02
1.059224609000000100e+03 2.904600013579620281e+02
1.061070312999999942e+03 4.505235973766102688e+02
1.062915038999999979e+03 2.303655990560437203e+02
1.064758788999999979e+03 6.805622057715736446e+02
1.066602538999999979e+03 4.209158743867155863e+02
1.068446288999999979e+03 1.495601489779073745e+02
1.070289062999999942e+03 2.722529743393606623e+02
1.072130859000000100e+03 3.101505158811050933e+02
1.073972655999999915e+03 5.782015278589606169e+02
1.075813476999999921e+03 2.304598203180430573e+02
1.077654297000000042e+03 5.855682138213087455e+02
1.079495116999999937e+03 1.982317262879369082e+02
1.081334961000000021e+03 5.399318758416629862e+02
1.083173827999999958e+03 2.543647530818125233e+02
1.085012694999999894e+03 5.473272827031178167e+02
1.086850586000000021e+03 6.615808432896810700e+02
1.088688476999999921e+03 4.418548071673867526e+02
1.090525390999999900e+03 1.846041904489757144e+02
1.092362305000000106e+03 3.377130706504540285e+02
1.094199219000000085e+03 3.486121468419951270e+02
1.096034180000000106e+03 3.792941452955055865e+02
1.097870116999999937e+03 6.273372242258774349e+02
1.099705077999999958e+03 7.426510808361927047e+02
1.101539062999999942e+03 8.219140240574706695e+02
1.103373047000000042e+03 7.287369331092340872e+02
1.105206055000000106e+03 8.135225265313638374e+02
1.107039062999999942e+03 7.939810526320725330e+02
1.108871094000000085e+03 9.416146207880519796e+02
1.110703125000000000e+03 5.221078288025237271e+02
1.112534180000000106e+03 4.949407962182522169e+02
1.114365234000000100e+03 7.183624816270385054e+02
1.116195312999999942e+03 1.010863310703600291e+03
1.118025390999999900e+03 7.957881834151849034e+02
1.119854491999999937e+03 8.518751145204078057e+02
1.121683594000000085e+03 9.906422546744506690e+02
1.123512694999999894e+03 8.155128119073269772e+02
1.125339844000000085e+03 9.828773673499017605e+02
1.127167969000000085e+03 6.637425204151004436e+02
1.128994140999999900e+03 9.335549344875544193e+02
1.130821288999999979e+03 8.973462537123778020e+02
1.132646484000000100e+03 6.507171452577749733e+02
1.134472655999999915e+03 5.017006000072651659e+02
1.136297851999999921e+03 5.572310578403412364e+02
1.138122069999999894e+03 5.378398962556821061e+02
1.139946288999999979e+03 5.654600726284697885e+02
1.141769530999999915e+03 4.138401813580494490e+02
1.143592773000000079e+03 4.325874051996943308e+02
1.145415038999999979e+03 3.817028975324210478e+02
1.147237305000000106e+03 7.455777961128842435e+02
1.149058594000000085e+03 6.596417943136839313e+02
1.150879883000000063e+03 8.897454016984993359e+02
1.152700194999999894e+03 7.891640043324732687e+02
1.154520508000000063e+03 8.769490626372644329e+02
1.156339844000000085e+03 1.044643142204957257e+03
1.158159180000000106e+03 1.176814890898946032e+03
1.159977538999999979e+03 1.586898734082256851e+03
1.161795898000000079e+03 1.768944579577058903e+03
1.163613280999999915e+03 1.900203293547310750e+03
1.165430663999999979e+03 2.195263055634568445e+03
1.167248047000000042e+03 2.197221145195828285e+03
1.169063476999999921e+03 2.157765498219778237e+03
1.170879883000000063e+03 1.681549724585522199e+03
1.172695312999999942e+03 1.994216623300424544e+03
1.174509765999999900e+03 1.809340199202291842e+03
1.176324219000000085e+03 1.570284655225630559e+03
1.178137694999999894e+03 1.563712431228712376e+03
1.179951172000000042e+03 1.562197858671323047e+03
1.181763672000000042e+03 1.609832559815826244e+03
1.183576172000000042e+03 1.447182589847623603e+03
1.185388672000000042e+03 1.546022640186522040e+03
1.187200194999999894e+03 1.580691806196729885e+03
1.189010741999999937e+03 1.552444998810758989e+03
1.190821288999999979e+03 1.440445035992575868e+03
1.192630859000000100e+03 1.581653382283155224e+03
1.194440430000000106e+03 1.286591955600437359e+03
1.196250000000000000e+03 8.409718795476219384e+02
1.198058594000000085e+03 9.525454564991596271e+02
1.199866211000000021e+03 1.028325501468862058e+03
1.201673827999999958e+03 9.727414959069428733e+02
1.203480469000000085e+03 9.336745816079201177e+02
1.205287109000000100e+03 1.078531888528232230e+03
1.207093750000000000e+03 6.707973794799399911e+02
1.208899413999999979e+03 1.101761473304723040e+02
1.210704101999999921e+03 2.899621958309508045e+02
1.212508788999999979e+03 2.434689044859114802e+02
1.214313476999999921e+03 -2.984556031471438473e+02
1.216117187999999942e+03 2.732786556327992002e+02
1.217919922000000042e+03 1.947718680957768811e+01
1.219722655999999915e+03 -6.737912622310977895e+01
1.221525390999999900e+03 -1.578523773396154866e+02
1.223327148000000079e+03 8.389545108013408026e+01
1.225128905999999915e+03 -1.484147438616564614e+02
1.226929687999999942e+03 -1.386402925164002227e+02
1.228729491999999937e+03 9.400815993261494441e+01
1.230530273000000079e+03 -1.018087777358377934e+02
1.232329101999999921e+03 1.282881216456153197e+02
1.234127930000000106e+03 4.660458446759730577e+01
1.235926758000000063e+03 1.674461175173928495e+02
1.237724609000000100e+03 6.190010023358772742e+02
1.239522461000000021e+03 5.099025960393701098e+02
1.241319336000000021e+03 2.544630691427810234e+02
1.243116211000000021e+03 4.107907582974221441e+02
1.244912109000000100e+03 2.678686339062842308e+02
1.246708008000000063e+03 4.619642512653081212e+02
1.248502930000000106e+03 5.323526206543610897e+02
1.250297851999999921e+03 7.799799656033428619e+02
1.252091797000000042e+03 7.144870643485046457e+02
1.253885741999999937e+03 6.647089431541462545e+02
1.255678711000000021e+03 9.891124180026890826e+02
1.257471680000000106e+03 1.305893864284087613e+03
1.259264648000000079e+03 1.276095892630917660e+03
1.261055663999999979e+03 1.354474185424376628e+03
1.262847655999999915e+03 1.259204448511402006e+03
1.264638672000000042e+03 1.438441011475108098e+03
1.266428711000000021e+03 1.497207521012365760e+03
1.268218750000000000e+03 1.526295120002636395e+03
1.270008788999999979e+03 1.532723345234866429e+03
1.271797851999999921e+03 1.677290846684838471e+03
1.273585937999999942e+03 1.728071468515649030e+03
1.275374023000000079e+03 1.915808576683251886e+03
1.277162109000000100e+03 1.759457957843544136e+03
1.278949219000000085e+03 1.548445396520437498e+03
1.280735351999999921e+03 1.572491063996712910e+03
1.282522461000000021e+03 1.312445773731567897e+03
1.284307616999999937e+03 1.500505827696732013e+03
1.286092773000000079e+03 1.324670340439894062e+03
1.287877930000000106e+03 1.317096505800582236e+03
1.289662109000000100e+03 1.482162293079854862e+03
1.291446288999999979e+03 1.252318087643689068e+03
1.293229491999999937e+03 1.737805129830892838e+03
1.295012694999999894e+03 1.682550426734953362e+03
1.296794922000000042e+03 2.003662132522214961e+03
1.298577148000000079e+03 1.709359355788401444e+03
1.300358398000000079e+03 1.870155230002288590e+03
1.302139648000000079e+03 2.164916015529532160e+03
1.303919922000000042e+03 1.828395924518496031e+03
1.305700194999999894e+03 2.139826658235127979e+03
1.307480469000000085e+03 2.210308428191070561e+03
1.309259765999999900e+03 2.451469690140635066e+03
1.311038086000000021e+03 1.951068625406325737e+03
1.312816405999999915e+03 2.245508443253092992e+03
1.314594726999999921e+03 2.049818501449844916e+03
1.316372069999999894e+03 1.718157824053691002e+03
1.318148437999999942e+03 1.827420865375868743e+03
1.319924805000000106e+03 1.990835604306703317e+03
1.321701172000000042e+03 1.746604021347309754e+03
1.323476562999999942e+03 1.509878429828990193e+03
1.325251952999999958e+03 1.765273557837383123e+03
1.327026366999999937e+03 1.797316059628377843e+03
1.328800780999999915e+03 1.707299678074865369e+03
1.330574219000000085e+03 1.651609359807298461e+03
1.332347655999999915e+03 1.538588621236551262e+03
1.334120116999999937e+03 1.328664586520426383e+03
1.335892577999999958e+03 1.433750525792645931e+03
1.337664062999999942e+03 1.482878919056543964e+03
1.339435547000000042e+03 1.258576369064714527e+03
1.341206055000000106e+03 1.019004072539290064e+03
1.342976562999999942e+03 7.387004141954821534e+02
1.344747069999999894e+03 9.615304521428406588e+02
1.346516601999999921e+03 4.979480703103399719e+02
1.348285155999999915e+03 6.521010964843662805e+02
1.350053711000000021e+03 6.708046613240003353e+02
1.351822265999999900e+03 5.369510725467916927e+02
1.353589844000000085e+03 5.432129687437627581e+02
1.355356444999999894e+03 4.038247467744004098e+02
1.357123047000000042e+03 4.894692430000650347e+02
1.358889648000000079e+03 6.700279484274724382e+02
1.360655273000000079e+03 2.969480888064208557e+02
1.362420898000000079e+03 4.859610918476173538e+02
1.364185547000000042e+03 4.496768795344469254e+02
1.365950194999999894e+03 1.666226835048073553e+02
1.367713866999999937e+03 2.362078758489369648e+02
1.369477538999999979e+03 -1.552521046146721346e+02
1.371241211000000021e+03 -3.973439758541644551e+00
1.373003905999999915e+03 1.656557161278760759e+01
1.374765625000000000e+03 2.014147598198687774e+02
1.376527344000000085e+03 2.980340919914597180e+02
1.378289062999999942e+03 6.087582332756501273e+02
1.380049805000000106e+03 5.486285015728280996e+02
1.381809569999999894e+03 3.332634525218381896e+02
1.383569336000000021e+03 3.760152736816526158e+02
1.385329101999999921e+03 4.852004960424237652e+02
1.387087890999999900e+03 2.471429741729589296e+02
1.388846680000000106e+03 4.365721033613226609e+02
1.390604491999999937e+03 3.155724328954602242e+02
1.392362305000000106e+03 3.434427108623349341e+02
1.394119140999999900e+03 4.352815354755148292e+01
1.395875976999999921e+03 8.602501641691196710e+01
1.397631836000000021e+03 9.670766399679996539e+01
1.399387694999999894e+03 5.416672037862008438e+01
1.401143555000000106e+03 -4.308545573697483633e+01
1.402898437999999942e+03 -1.295561014826962491e+02
1.404652344000000085e+03 -1.097477972197448253e+02
1.406406250000000000e+03 -2.344928634675743524e+02
1.408160155999999915e+03 2.394245166928158142e+00
1.409913086000000021e+03 2.173014359541411977e+00
1.411666015999999900e+03 1.385638564341497840e+02
1.413417969000000085e+03 3.147129606723974575e+02
1.415169922000000042e+03 5.792741323665832169e+02
1.416920898000000079e+03 8.152991862108319765e+02
1.418671875000000000e+03 7.986164359155081911e+02
1.420421875000000000e+03 1.537740603772122995e+03
1.422171875000000000e+03 1.842958694009168539e+03
1.423920898000000079e+03 2.228590718018305779e+03
1.425669922000000042e+03 2.802012717049030471e+03
1.427418944999999894e+03 3.514812452323836624e+03
1.429166991999999937e+03 3.790671402247433434e+03
1.430914062999999942e+03 3.417547394487068232e+03
1.432662109000000100e+03 3.393998399770047399e+03
1.434408202999999958e+03 3.594374504257313674e+03
1.436154297000000042e+03 4.129157732512067014e+03
1.437900390999999900e+03 4.554614156973220815e+03
1.439645508000000063e+03 4.198754069258873642e+03
1.441390625000000000e+03 3.711628244527288189e+03
1.443135741999999937e+03 3.412820669681081199e+03
1.444878905999999915e+03 3.071648395343334414e+03
1.446623047000000042e+03 3.134130724188180466e+03
1.448366211000000021e+03 2.992333458581939340e+03
1.450108398000000079e+03 2.832650013107922859e+03
1.451850586000000021e+03 2.700989173082627531e+03
1.453592773000000079e+03 2.791197158112539910e+03
1.455333984000000100e+03 2.609432806419317785e+03
1.457075194999999894e+03 2.240229948548607354e+03
1.458815430000000106e+03 1.917622691840173502e+03
1.460555663999999979e+03 1.816962297311831207e+03
1.462294922000000042e+03 1.988718441309683840e+03
1.464034180000000106e+03 1.195049656432594929e+03
1.465772461000000021e+03 1.371092191073621507e+03
1.467510741999999937e+03 1.271711040556350781e+03
1.469249023000000079e+03 9.786833806753420504e+02
1.470986327999999958e+03 8.430463068296521669e+02
1.472722655999999915e+03 8.634449342616644572e+02
1.474458984000000100e+03 7.217028679488939815e+02
1.476195312999999942e+03 3.038651740459827124e+02
1.477930663999999979e+03 3.762141883235672140e+02
1.479666015999999900e+03 -4.381584885895426851e+01
1.481400390999999900e+03 1.303181661579728825e+02
1.483134765999999900e+03 3.496563188614236424e+02
1.484868163999999979e+03 1.944963122930930695e+02
1.486601562999999942e+03 5.532213199757752591e+02
1.488334961000000021e+03 2.140189031374902697e+02
1.490067383000000063e+03 1.968375784964155173e+02
1.491798827999999958e+03 2.550044831442864961e+02
1.493530273000000079e+03 5.791824086002525291e+02
1.495261719000000085e+03 1.684751793772011297e+02
1.496992187999999942e+03 1.753256691326678265e+02
1.498722655999999915e+03 8.262182565894909203e+01
1.500452148000000079e+03 -1.198697387076026644e+02
1.502181640999999900e+03 5.360183269882691093e+01
1.503910155999999915e+03 7.538543267414934235e+01
1.505638672000000042e+03 5.820488897172617726e+01
1.507367187999999942e+03 1.293698438053470454e+02
1.509094726999999921e+03 5.300235790196165908e+01
1.510821288999999979e+03 8.235713087073236238e+01
1.512547851999999921e+03 1.914387981175314053e+02
1.514274413999999979e+03 1.296932697483134689e+02
1.516000000000000000e+03 3.041443078547235928e+02
1.517725586000000021e+03 1.033389529578489601e+02
1.519450194999999894e+03 4.026206697767629521e+02
1.521174805000000106e+03 4.662577835606498411e+01
1.522898437999999942e+03 7.628686507140810136e+01
1.524622069999999894e+03 9.000916102238988969e+01
1.526345702999999958e+03 2.793305605070199817e+02
1.528068359000000100e+03 7.390213181047874968e+01
1.529791015999999900e+03 4.171831321552090230e+02
1.531512694999999894e+03 2.973124353006569436e+02
1.533233398000000079e+03 3.109868809499166673e+02
1.534955077999999958e+03 9.297452568658627570e+00
1.536674805000000106e+03 3.469010882409420446e+02
1.538395508000000063e+03 3.923844330344072659e+02
1.540115234000000100e+03 -2.317030364483798621e+01
1.541833984000000100e+03 3.223652827110345243e+01
1.543552734000000100e+03 4.236521504724514671e+02
1.545271484000000100e+03 7.731905951827502577e+01
1.546989258000000063e+03 2.241549188546923688e+02
1.548706055000000106e+03 2.631905736811095267e+02
1.550423827999999958e+03 -9.566874619893496856e+00
1.552139648000000079e+03 3.583697768674319377e+02
1.553856444999999894e+03 1.565950810401263880e+02
1.555571288999999979e+03 1.323749890775361564e+02
1.557287109000000100e+03 2.566744229259347776e+02
1.559001952999999958e+03 8.774721920660522301e+01
1.560715819999999894e+03 2.817491551966522820e+02
1.562429687999999942e+03 -1.721406346729199868e+02
1.564143555000000106e+03 1.849440595801206655e+02
1.565856444999999894e+03 2.544661450680287089e+02
1.567569336000000021e+03 2.844468599813626497e+02
1.569281250000000000e+03 2.515125762580937590e+02
1.570993163999999979e+03 3.762345376106168260e+02
1.572704101999999921e+03 1.838516456337092677e+02
1.574415038999999979e+03 4.575671051937679294e+02
1.576125976999999921e+03 5.384119737649016315e+02
1.577835937999999942e+03 6.807018482272542315e+02
1.579545898000000079e+03 1.337958581684222736e+03
1.581254883000000063e+03 1.268425744256601320e+03
1.582962890999999900e+03 1.103782532923163672e+03
1.584671875000000000e+03 9.054563588666424039e+02
1.586379883000000063e+03 7.598262279742266401e+02
1.588086913999999979e+03 5.351331484942056704e+02
1.589793944999999894e+03 6.224764349181350553e+02
1.591500000000000000e+03 5.649234125511939055e+02
1.593206055000000106e+03 5.778296052315417910e+02
1.594912109000000100e+03 9.295536259045838960e+02
1.596617187999999942e+03 1.384265808554271644e+03
1.598322265999999900e+03 2.044728925789473578e+03
1.600026366999999937e+03 2.393188162246944557e+03
1.601730469000000085e+03 2.969475719942922296e+03
1.603433594000000085e+03 2.624373560430249199e+03
1.605136719000000085e+03 1.975335267995775212e+03
1.606839844000000085e+03 1.280603712803378585e+03
1.608541991999999937e+03 3.476885595475614537e+02
1.610244140999999900e+03 3.519414000776523608e+02
1.611945312999999942e+03 1.285102194790015346e+02
1.613645508000000063e+03 1.564839401189747150e+02
1.615346680000000106e+03 1.184083044506405713e+02
1.617046875000000000e+03 1.054147858495853143e+02
1.618746094000000085e+03 1.157220191978558432e+01
1.620445312999999942e+03 -1.013672731544647831e+01
1.622144530999999915e+03 1.389543019661723520e+02
1.623842773000000079e+03 5.405265674096881412e+01
1.625540038999999979e+03 8.254521944920270471e+01
1.627238280999999915e+03 3.446721685743250418e+01
1.628934569999999894e+03 2.663420501688815420e+02
1.630631836000000021e+03 2.168180623327134526e+02
1.632328125000000000e+03 6.110963341920432867e+01
1.634023437999999942e+03 1.382824099533609115e+02
1.635718750000000000e+03 1.190586290668579750e+01
1.637414062999999942e+03 3.737346965532924514e+01
1.639108398000000079e+03 1.011607209072535625e+02
1.640801758000000063e+03 1.073329350475614774e+02
1.642496094000000085e+03 2.677908836361893918e+00
1.644188476999999921e+03 1.651825087676334078e+02
1.645881836000000021e+03 -1.258695024137268774e+02
1.647574219000000085e+03 2.433053767816818436e+02
1.649265625000000000e+03 1.248008355263809790e+02
1.650957030999999915e+03 3.136359723653586116e+02
1.652648437999999942e+03 8.545863112247752724e+01
1.654338866999999937e+03 1.691779365312104346e+02
1.656029297000000042e+03 2.543435136829648400e+02
1.657718750000000000e+03 2.862117808200418949e+02
1.659408202999999958e+03 6.491772010381100699e+01
1.661097655999999915e+03 1.914123029991678777e+02
1.662786133000000063e+03 -3.158013991379993968e+01
1.664473633000000063e+03 4.600818396779504837e+01
1.666161133000000063e+03 1.710404290626174770e+02
1.667848633000000063e+03 1.242117053778711124e+02
1.669535155999999915e+03 2.449043634641639073e+02
1.671221680000000106e+03 2.381646699757038732e+02
1.672907226999999921e+03 1.365424487006530399e+02
1.674592773000000079e+03 4.383327999660832575e+01
1.676278319999999894e+03 4.761379306172602810e+01
1.677962890999999900e+03 1.435230657276333659e+02
1.679647461000000021e+03 3.468840916662884410e+01
1.681331055000000106e+03 1.382915836187457899e+02
1.683014648000000079e+03 3.668580807602556888e+02
1.684697265999999900e+03 4.740535865918354830e+01
1.686379883000000063e+03 2.124660217822602135e+02
1.688061523000000079e+03 1.280296182287420379e+02
1.689743163999999979e+03 -4.548492135455308016e+01
1.691424805000000106e+03 3.463099144377702032e+02
1.693105469000000085e+03 1.166466203164673061e+02
1.694786133000000063e+03 -6.080531384162895847e+01
1.696465819999999894e+03 3.096742285350628663e+02
1.698145508000000063e+03 2.711963399534870405e+02
1.699824219000000085e+03 2.077115293766328250e+02
1.701502930000000106e+03 3.277714860926134861e+02
1.703181640999999900e+03 2.814041885933766025e+02
1.704859375000000000e+03 3.800003964907955378e+02
1.706537109000000100e+03 5.625794254308639211e+02
1.708213866999999937e+03 7.904686290590179851e+02
1.709890625000000000e+03 7.534945834094978636e+02
1.711566405999999915e+03 9.094944578604408889e+02
1.713242187999999942e+03 1.240734066897573939e+03
1.714917969000000085e+03 1.599599071714379534e+03
1.716592773000000079e+03 1.850274126476680976e+03
1.718266601999999921e+03 1.922508085911584203e+03
1.719941405999999915e+03 2.324066754362429492e+03
1.721615234000000100e+03 2.361931954661253258e+03
1.723288086000000021e+03 2.279449475946646999e+03
1.724960937999999942e+03 2.717844610652457050e+03
1.726632812999999942e+03 2.579995689983319608e+03
1.728304687999999942e+03 2.435304620161427010e+03
1.729976562999999942e+03 2.270306365415002801e+03
1.731647461000000021e+03 2.349845020545813895e+03
1.733318359000000100e+03 2.217573991926743474e+03
1.734988280999999915e+03 1.777514486147651041e+03
1.736658202999999958e+03 1.912954125194824883e+03
1.738328125000000000e+03 1.355592122534289956e+03
1.739997069999999894e+03 1.051796883496295777e+03
1.741665038999999979e+03 8.578685055821406422e+02
1.743333984000000100e+03 9.762345237775225542e+02
1.745000976999999921e+03 6.469150120522463112e+02
1.746668944999999894e+03 6.104326176477989065e+02
1.748335937999999942e+03 5.294535621246395749e+02
1.750001952999999958e+03 1.638229424375676899e+02
1.751667969000000085e+03 1.647053943063947372e+02
1.753333984000000100e+03 3.056520740988489706e+02
1.754999023000000079e+03 3.750029575950757135e+02
1.756664062999999942e+03 4.523038266239018412e+01
1.758328125000000000e+03 2.535210521639673971e+02
1.759992187999999942e+03 5.073349956404636032e+02
1.761655273000000079e+03 2.114092577030460234e+02
1.763319336000000021e+03 2.689450126939336769e+02
1.764981444999999894e+03 3.312642389824104612e+02
1.766643555000000106e+03 2.674619584147440037e+02
1.768305663999999979e+03 3.211796190673267120e+02
1.769966797000000042e+03 2.907887545698104077e+02
1.771627930000000106e+03 3.598635889003999182e+02
1.773289062999999942e+03 2.107161889330673148e+02
1.774949219000000085e+03 8.866205773274850799e+01
1.776608398000000079e+03 -6.507344663830735954e+01
1.778268555000000106e+03 -2.599559024469635915e+01
1.779926758000000063e+03 2.029931744354762486e+02
1.781585937999999942e+03 4.441205276483233320e+02
1.783244140999999900e+03 2.524810554495488759e+02
1.784901366999999937e+03 7.877419212611130206e+01
1.786558594000000085e+03 3.767169849152560346e+01
1.788215819999999894e+03 -1.167524649245897308e+02
1.789872069999999894e+03 2.690756196670408826e+02
1.791528319999999894e+03 1.400694670952070737e+02
1.793183594000000085e+03 1.906266054828447523e+02
1.794838866999999937e+03 2.033435568556669750e+02
1.796494140999999900e+03 1.902814363621364464e+02
1.798148437999999942e+03 2.058448244697792688e+02
1.799801758000000063e+03 2.031919352521217661e+02
1.801456055000000106e+03 6.133226459992874879e+01
1.803108398000000079e+03 4.079234639352798695e+02
1.804761719000000085e+03 2.008496388151106657e+02
1.806414062999999942e+03 1.025607370347279357e+01
1.808065430000000106e+03 4.628814918749776552e+02
1.809716797000000042e+03 1.903865122457500547e+02
1.811368163999999979e+03 4.311459056978201261e+02
1.813018555000000106e+03 1.053896865721326321e+02
1.814668944999999894e+03 4.219292756053764606e+02
1.816318359000000100e+03 1.232087659886965412e+02
1.817967773000000079e+03 5.429294602122827200e+02
1.819617187999999942e+03 4.699760882740592933e+02
1.821265625000000000e+03 5.228498200707326760e+02
1.822914062999999942e+03 3.435784975324859261e+02
1.824561523000000079e+03 1.641814305997831980e+02
1.826208984000000100e+03 2.260250782031725976e+02
1.827855469000000085e+03 -4.314149058082693955e+01
1.829501952999999958e+03 3.421101468892084085e+02
1.831148437999999942e+03 3.446974711547154584e+02
1.832793944999999894e+03 3.503069938029439072e+02
1.834439452999999958e+03 4.212575638447087840e+02
1.836083984000000100e+03 2.292230098610525602e+02
1.837728515999999900e+03 7.966953067245049169e+01
1.839372069999999894e+03 4.274263041871672613e+02
1.841015625000000000e+03 9.831847677610494429e+01
1.842659180000000106e+03 6.045416864133658237e+02
1.844301758000000063e+03 3.636273734271962894e+02
1.845944336000000021e+03 3.114108417874595034e+02
1.847585937999999942e+03 2.119729463857074734e+02
1.849227538999999979e+03 3.364449061382911168e+02
1.850869140999999900e+03 2.978186319944506977e+01
1.852509765999999900e+03 1.985165987005384522e+02
1.854150390999999900e+03 3.368771720783042838e+02
1.855790038999999979e+03 4.204351348462878377e+02
1.857429687999999942e+03 3.179841968900291249e+02
1.859068359000000100e+03 -1.486611051416548435e+01
1.860707030999999915e+03 3.068175187321685371e+02
1.862345702999999958e+03 -1.698175686298054643e+01
1.863983398000000079e+03 3.583671816638379823e+02
1.865620116999999937e+03 4.621043458529456984e+02
1.867257812999999942e+03 2.100121655306284083e+02
1.868893555000000106e+03 2.153713577012240421e+00
1.870530273000000079e+03 3.001269088552144240e+02
1.872166015999999900e+03 -1.929847278683155309e+01
1.873801758000000063e+03 3.003422743210903718e+02
1.875436523000000079e+03 2.424277985259177512e+02
1.877070312999999942e+03 5.257269876954087522e+02
1.878705077999999958e+03 4.771802602984316763e+02
1.880338866999999937e+03 2.618561887860778370e+02
1.881971680000000106e+03 3.113890975570975570e+02
1.883604491999999937e+03 2.982527844115684275e+02
1.885237305000000106e+03 6.004171120485261781e+01
1.886869140999999900e+03 2.171233422383884317e+02
1.888500976999999921e+03 3.468103877552275662e+02
1.890131836000000021e+03 4.276222740257726400e+02
1.891762694999999894e+03 1.175896717858558986e+02
1.893393555000000106e+03 2.906488931001367746e+02
1.895023437999999942e+03 5.038064054077403853e+02
1.896653319999999894e+03 4.501932592393204686e+02
1.898282226999999921e+03 5.916116897966057877e+02
1.899911133000000063e+03 9.301563201076351106e+01
1.901539062999999942e+03 3.252761625565981376e+02
1.903166991999999937e+03 3.780611078870351776e+02
1.904794922000000042e+03 1.375417490683612414e+02
1.906421875000000000e+03 4.595060278813325567e+02
1.908048827999999958e+03 4.743119735482614487e+02
1.909674805000000106e+03 3.739303019830695121e+02
1.911300780999999915e+03 3.382138450629281579e+02
1.912926758000000063e+03 3.718196011626350810e+02
1.914551758000000063e+03 1.716658351576043060e+02
1.916175780999999915e+03 3.486116613758495077e+02
1.917800780999999915e+03 2.809652138131787069e+02
1.919424805000000106e+03 2.195419284090894507e+02
1.921047851999999921e+03 2.767857477517900406e+02
1.922670898000000079e+03 2.586559370707982453e+02
1.924293944999999894e+03 6.491217409559612861e+01
1.925916015999999900e+03 5.201106244374241214e+02
1.927538086000000021e+03 1.013698828304186463e+02
1.929159180000000106e+03 3.934562258539081085e+02
1.930780273000000079e+03 1.705069181693470455e+02
1.932400390999999900e+03 1.233969135994557291e+02
1.934020508000000063e+03 2.892939472572907107e+02
1.935640625000000000e+03 5.016194315002285293e+02
1.937259765999999900e+03 1.875053636741067749e+02
1.938878905999999915e+03 4.771767388575826772e+02
1.940497069999999894e+03 6.094091196218068944e+02
1.942115234000000100e+03 3.754539204905304359e+02
1.943733398000000079e+03 4.087726728147390531e+02
1.945350586000000021e+03 -4.751767690082488116e+00
1.946967773000000079e+03 8.563790240977687063e+01
1.948583984000000100e+03 2.146960102491066209e+02
1.950200194999999894e+03 1.487939530696166912e+02
1.951816405999999915e+03 3.087481475386448437e+02
1.953431640999999900e+03 4.671443320119724376e+02
1.955045898000000079e+03 3.762123225980103598e+02
1.956660155999999915e+03 2.959664814031202695e+02
1.958274413999999979e+03 1.241432538363951608e+02
1.959888672000000042e+03 5.735099509538922575e+02
1.961501952999999958e+03 3.951735400111283525e+02
1.963114258000000063e+03 1.080526853497285629e+02
1.964726562999999942e+03 2.967022180683779879e+02
1.966338866999999937e+03 3.022041779920109548e+02
1.967950194999999894e+03 1.988784495624713600e+02
1.969561523000000079e+03 4.646460641357698478e+02
1.971172851999999921e+03 -6.608393536194489570e+01
1.972783202999999958e+03 2.846358734909881605e+02
1.974392577999999958e+03 -1.085891261420329101e+01
1.976002930000000106e+03 -7.063548547655955190e+01
1.977612305000000106e+03 1.396669296849067905e+02
1.979220702999999958e+03 7.158329585858882638e+01
1.980829101999999921e+03 2.644061504991623224e+02
1.982436523000000079e+03 4.757444008447273518e+02
1.984044922000000042e+03 4.925190239647781709e+02
1.985651366999999937e+03 3.954941208866439410e+02
1.987258788999999979e+03 2.079408931110592675e+02
1.988865234000000100e+03 3.703487584469548892e+02
1.990470702999999958e+03 2.772810435860374128e+02
1.992076172000000042e+03 8.896852673177636461e+01
1.993681640999999900e+03 4.316299078941592597e+02
1.995286133000000063e+03 1.712337125272824778e+02
1.996890625000000000e+03 3.547635318033717340e+02
1.998494140999999900e+03 2.981362871674864436e+02
2.000097655999999915e+03 2.428855933957602247e+02
2.001701172000000042e+03 1.313102878735153354e+02
2.003303711000000021e+03 2.410916679462752654e+02
2.004906250000000000e+03 1.211617125154589303e+00
2.006507812999999942e+03 1.591517013929478708e+02
2.008109375000000000e+03 2.623934750362241175e+02
2.009709961000000021e+03 2.640510895291808993e+02
2.011311523000000079e+03 1.952930089951405535e+02
2.012911133000000063e+03 -2.049391211412148550e+01
2.014510741999999937e+03 6.516281724294094602e+01
2.016110351999999921e+03 2.430132381988005363e+02
2.017709961000000021e+03 2.378893006580037763e+02
2.019308594000000085e+03 1.497827643065975280e+02
2.020906250000000000e+03 2.946772857856049086e+02
2.022504883000000063e+03 4.458414220401755301e+02
2.024101562999999942e+03 1.524378674672916532e+02
2.025699219000000085e+03 1.140583922859514132e+02
2.027295898000000079e+03 1.539195333021634724e+02
2.028891601999999921e+03 3.457142376402116497e+02
2.030487305000000106e+03 1.959594469370495062e+02
2.032083008000000063e+03 3.846521188297119807e+02
2.033677734000000100e+03 1.532381066119996831e+02
2.035272461000000021e+03 1.819987050647723663e+02
2.036866211000000021e+03 3.252618544355318591e+02
2.038460937999999942e+03 3.273669501736003440e+02
2.040053711000000021e+03 5.350474723617408017e+02
2.041646484000000100e+03 4.225794127690169262e+02
2.043239258000000063e+03 3.210348840980186651e+02
2.044832030999999915e+03 3.466416574401628168e+02
2.046422851999999921e+03 1.973887844380078604e+02
